10000
200
234
161
68
152
71
125
164
240
211
68
224
241
214
254
138
22
139
60
249
101
218
114
168
46
99
217
41
44
229
69
86
56
3
128
241
153
133
189
25
178
168
67
229
87
235
40
221
138
89
43
76
87
227
110
8
51
164
117
36
11
172
140
195
14
16
208
126
0
198
183
5
95
104
227
84
123
115
201
188
108
100
185
186
50
192
16
132
206
187
131
144
181
246
70
150
251
140
220
194
59
151
11
78
10
2
34
80
62
73
221
54
50
122
248
200
47
140
130
147
228
179
152
30
199
171
226
22
88
122
59
255
133
183
126
224
184
44
186
5
118
116
208
47
154
187
186
220
203
151
230
104
29
87
131
163
2
241
233
239
221
11
238
34
239
221
55
114
103
207
173
232
232
3
16
165
127
61
3
36
63
243
219
55
115
145
227
178
240
63
188
26
246
9
145
160
229
19
13
44
112
163
77
155
10
28
148
90
107
78
119
232
168
62
84
117
3
149
221
220
171
175
250
209
193
218
169
123
162
129
53
196
180
154
244
153
36
234
4
164
66
2
55
21
140
123
30
169
208
136
47
22
160
61
243
55
18
16
75
170
29
184
220
184
59
112
179
193
32
161
226
85
99
79
152
65
231
149
14
26
159
161
42
62
66
228
20
109
53
22
25
227
177
120
12
174
104
76
211
187
41
235
160
129
151
86
19
35
243
101
24
193
197
178
2
20
29
92
2
97
69
120
107
146
132
246
231
17
134
161
120
10
238
73
208
65
129
215
2
8
140
5
139
123
255
34
4
2
73
11
185
45
199
68
113
97
47
25
25
152
47
100
134
201
49
5
147
121
123
109
79
144
233
219
60
115
156
167
107
36
131
203
17
11
58
65
2
74
117
245
130
223
110
110
221
45
202
116
191
175
235
139
74
116
93
128
217
93
229
241
38
36
48
106
248
255
122
236
235
70
244
207
29
6
31
158
141
66
240
122
149
254
234
204
126
67
93
97
234
195
8
90
44
23
210
209
224
212
62
125
228
239
41
25
139
57
9
72
85
86
182
39
113
107
88
154
86
204
208
134
242
255
29
229
187
93
230
250
119
10
65
86
197
147
239
74
137
206
76
45
95
149
209
165
191
230
149
105
227
218
14
109
183
93
33
12
227
98
166
112
241
110
30
236
51
160
55
97
174
203
232
26
5
36
175
66
195
183
235
194
175
107
240
144
34
88
73
95
250
11
227
83
91
74
75
203
16
52
0
63
71
10
175
64
208
119
13
30
17
116
100
239
219
140
228
5
47
238
156
186
212
86
235
199
85
143
16
127
199
234
12
188
134
104
118
246
227
205
250
163
147
174
174
239
98
248
229
160
138
205
208
76
103
117
120
55
151
142
86
0
24
9
132
125
127
95
82
49
107
150
200
230
255
128
24
63
91
208
69
7
46
115
179
83
223
252
235
251
108
36
59
22
206
205
6
20
130
20
247
52
234
242
149
52
67
60
38
14
88
67
7
231
93
115
229
233
251
168
83
53
193
202
23
24
32
90
249
238
178
31
167
57
209
244
87
138
207
194
2
26
135
11
190
12
232
88
98
93
134
205
231
152
102
30
12
42
138
232
69
161
227
76
205
163
231
93
241
105
128
192
78
46
182
2
67
0
206
196
73
169
87
103
139
8
219
38
6
60
224
180
106
173
30
6
179
4
251
222
36
169
153
69
211
168
98
163
37
167
15
226
103
12
41
53
140
131
113
227
12
253
28
37
89
163
129
81
42
172
182
146
93
37
132
157
104
87
249
158
82
90
115
15
200
220
223
91
152
149
1
49
111
1
54
24
178
21
209
153
103
99
218
51
79
59
254
169
74
140
180
191
5
38
83
13
85
240
0
161
53
7
67
130
6
78
96
165
185
150
31
204
241
61
50
128
209
9
98
107
161
251
104
49
148
233
93
99
44
165
97
250
193
232
182
88
15
96
85
17
24
152
106
174
213
11
39
226
220
40
140
176
171
53
48
0
116
207
129
46
80
39
167
212
25
208
236
91
66
165
161
154
57
126
141
70
185
80
224
46
36
133
215
248
199
174
177
226
189
202
76
75
113
84
182
34
25
166
157
138
196
56
160
51
77
221
102
204
51
129
44
3
159
96
106
2
234
35
22
73
206
42
119
198
236
21
10
120
163
144
254
92
64
154
149
229
176
222
242
157
96
106
71
231
91
225
166
80
57
179
24
70
6
146
172
133
122
221
208
17
95
69
233
13
80
164
54
174
182
228
247
107
44
102
70
198
72
73
240
52
63
170
126
133
138
83
143
148
197
40
100
249
249
102
185
173
109
206
77
109
219
160
67
201
134
246
93
157
124
117
137
234
201
233
202
149
173
39
1
222
34
198
111
190
144
6
225
143
70
242
242
228
115
9
14
250
241
147
98
206
244
145
115
219
10
17
121
209
4
200
179
164
150
39
108
137
252
121
74
225
144
213
145
161
247
83
5
184
98
242
97
173
46
152
104
153
7
230
136
54
141
70
15
198
20
159
152
38
70
130
186
140
204
238
86
19
209
30
3
111
5
185
67
190
166
236
151
127
66
67
2
100
79
187
207
237
39
111
87
220
118
236
87
230
158
103
29
92
245
31
63
44
207
171
5
67
237
165
218
18
178
109
174
188
79
45
219
207
69
130
12
75
139
165
82
166
75
131
193
1
52
246
45
213
164
123
223
226
139
70
82
103
10
211
184
87
242
124
189
61
189
72
201
62
237
73
113
48
201
49
180
142
155
152
136
120
117
116
68
44
73
98
95
9
18
130
129
207
152
196
87
73
42
104
159
93
85
66
24
143
248
204
113
149
87
236
83
170
177
151
175
240
85
69
253
173
203
204
244
13
116
205
171
159
156
109
153
24
53
118
67
124
18
154
88
45
177
98
254
207
250
163
65
0
36
208
106
221
226
58
175
163
78
170
214
222
138
102
169
248
24
211
119
44
83
115
40
148
78
146
244
233
31
179
10
101
39
54
102
249
199
226
35
234
63
95
200
43
214
172
146
32
32
55
246
63
240
62
253
112
43
161
67
232
229
202
201
169
158
159
55
130
241
6
72
31
94
227
174
233
103
153
46
159
96
177
70
204
135
184
245
133
127
243
254
185
96
82
227
52
156
173
63
76
98
142
29
209
17
75
12
208
38
80
139
58
65
77
34
65
10
48
52
12
111
18
245
65
206
208
47
20
159
29
227
70
28
158
3
132
143
92
21
107
115
141
131
17
153
100
30
86
132
65
122
149
168
176
1
162
24
233
89
182
142
252
45
98
84
148
160
89
206
130
39
77
204
148
4
138
141
192
30
9
1
244
224
1
214
215
162
163
242
226
172
62
221
49
41
128
231
91
167
106
231
201
118
119
117
108
98
16
182
33
82
176
55
218
3
145
192
119
20
198
78
33
188
237
75
162
231
84
20
22
200
121
117
175
132
153
58
95
72
16
177
32
154
167
60
100
161
98
75
217
0
9
161
96
77
168
30
105
70
164
214
150
247
164
92
153
227
144
160
253
162
179
72
92
29
150
61
243
151
161
135
26
97
182
249
77
168
189
93
4
137
179
208
99
117
48
142
206
155
53
174
126
69
84
208
102
156
46
189
244
200
123
156
233
179
57
2
185
197
255
13
126
129
66
176
232
56
82
96
183
97
204
42
252
182
136
35
5
33
223
111
135
175
87
63
220
253
255
125
206
54
59
238
169
95
76
21
27
185
17
74
154
239
205
145
80
19
91
111
155
20
118
129
92
210
218
230
216
28
237
133
206
215
132
190
131
65
133
99
86
91
5
149
116
240
58
246
63
247
246
16
151
236
244
4
183
27
230
232
219
233
9
57
105
243
245
37
153
200
98
180
102
114
229
228
53
173
29
174
237
129
59
119
114
51
181
232
14
167
232
182
247
249
150
133
42
58
163
153
251
125
226
115
36
71
241
200
92
43
80
228
41
105
17
66
175
157
241
74
51
200
104
47
3
245
81
95
50
193
160
153
165
97
231
45
151
190
254
97
24
216
180
145
183
154
88
184
13
35
128
152
56
61
189
180
202
199
232
196
227
153
249
134
72
246
1
192
27
67
80
203
89
27
83
127
77
170
80
184
23
157
52
214
33
5
68
232
171
218
177
34
186
14
179
251
172
92
195
89
217
174
220
60
151
253
139
106
89
22
43
63
163
132
94
215
213
60
76
228
195
161
233
122
81
2
157
249
124
192
129
156
62
209
35
137
213
65
214
160
247
107
210
125
227
155
126
151
26
223
0
79
156
75
28
201
143
35
129
92
253
26
159
105
81
23
96
199
25
196
74
97
178
166
95
149
156
64
114
176
148
136
80
176
142
98
174
184
215
126
226
150
52
159
133
15
10
80
234
183
246
88
111
200
239
181
106
69
51
204
248
19
110
164
125
250
101
3
65
60
185
174
178
116
80
181
195
212
29
207
176
91
121
137
255
233
110
25
90
106
203
59
198
206
130
185
80
220
120
55
90
223
199
82
236
94
197
223
196
22
122
105
75
251
140
249
88
173
173
105
89
172
165
26
92
169
56
224
230
145
0
161
245
27
126
183
45
252
122
76
22
143
78
217
121
12
28
80
201
131
63
40
242
63
124
100
242
84
71
1
137
123
32
29
61
203
75
186
229
213
121
38
190
25
1
146
147
238
6
219
84
243
11
116
170
224
210
191
93
49
13
19
242
163
53
189
41
198
130
87
213
73
31
185
35
27
98
149
118
241
113
18
38
85
93
116
128
179
85
93
102
108
47
198
91
106
247
166
239
232
99
236
156
20
220
41
70
240
134
92
84
206
33
119
250
191
36
4
48
190
118
18
206
155
143
169
232
79
128
237
16
73
176
67
183
217
201
137
93
75
12
186
152
198
77
72
253
184
25
58
74
184
192
8
108
76
55
168
51
3
248
87
216
41
59
20
72
27
122
218
182
224
103
29
66
147
250
241
24
117
184
199
127
193
154
146
244
237
3
254
76
178
47
211
84
170
243
87
193
83
198
179
137
198
36
82
242
240
15
124
7
74
57
110
23
205
91
155
254
231
240
43
39
137
9
242
91
151
68
227
175
210
83
23
43
81
9
197
44
78
121
89
178
182
219
242
1
11
233
210
111
167
103
23
134
62
40
39
98
150
157
12
79
130
137
100
119
52
226
101
157
195
241
119
155
238
226
229
36
140
82
25
255
36
16
164
208
14
188
82
12
9
213
204
73
67
253
129
31
213
241
48
39
171
230
19
65
187
29
35
163
134
148
119
223
77
140
223
134
71
134
244
127
112
234
232
52
48
183
3
206
251
75
102
113
127
149
29
253
117
127
250
82
200
200
206
18
29
96
147
53
194
168
148
192
195
45
77
65
254
104
252
83
168
223
173
31
245
51
154
81
187
24
102
160
134
49
88
179
16
154
93
30
22
136
17
192
175
125
25
159
135
158
44
50
155
187
171
38
236
20
2
122
204
58
121
10
95
73
100
163
204
171
1
101
29
186
183
248
77
212
67
24
182
222
231
30
200
237
114
172
71
224
127
180
117
220
9
63
181
117
255
229
129
61
141
182
160
217
105
35
180
180
86
63
252
174
18
103
237
199
79
39
171
207
12
155
181
157
211
78
24
85
23
117
162
76
148
43
190
16
68
236
122
214
188
253
243
37
240
148
106
136
69
110
159
14
254
69
74
189
0
83
70
242
246
139
34
88
49
190
69
127
108
228
207
187
165
39
217
177
52
6
220
17
233
166
211
111
93
69
102
121
146
163
129
14
174
110
143
4
121
161
88
86
181
170
139
119
209
204
129
60
25
140
167
4
157
180
24
213
106
199
19
228
206
180
146
222
199
235
49
104
151
70
60
73
201
181
77
243
203
169
143
97
147
21
56
194
221
210
5
209
142
253
156
192
38
211
152
60
150
198
104
52
47
236
175
192
73
160
177
204
198
64
19
92
93
142
13
1
18
152
218
167
104
230
195
49
178
89
106
137
234
244
51
66
250
135
167
78
247
182
118
9
126
117
152
81
76
34
16
221
148
85
143
36
212
4
103
7
174
64
67
213
154
198
243
40
64
225
58
235
194
86
157
35
103
86
82
22
137
48
229
191
100
11
210
209
123
53
202
244
91
24
3
111
122
175
22
168
24
130
211
200
236
218
148
79
134
12
164
187
112
139
252
39
200
200
199
183
84
139
55
228
239
52
7
38
59
114
72
116
31
149
144
56
183
0
199
22
144
95
0
153
38
61
90
125
70
73
52
54
198
17
5
135
74
166
241
154
194
153
117
225
190
79
192
246
47
242
236
111
106
105
232
57
236
141
129
111
159
133
134
129
65
101
10
122
231
145
195
168
167
159
211
24
221
164
49
113
165
207
29
189
136
70
51
150
10
23
32
179
107
18
91
246
131
102
174
34
25
15
159
103
12
0
99
21
27
24
109
193
77
39
0
149
204
208
75
46
24
201
153
108
129
85
106
214
27
120
154
7
161
123
226
100
123
88
122
48
190
168
201
186
240
191
72
254
200
125
139
117
24
255
223
213
150
134
113
239
38
250
128
178
133
117
85
8
52
221
208
183
231
250
215
8
240
130
63
20
41
62
246
8
110
240
247
142
89
89
28
207
137
146
151
108
85
207
74
184
76
229
69
132
4
123
174
82
187
164
108
68
76
31
210
250
11
248
128
153
58
53
129
38
153
142
128
141
227
202
70
181
45
55
4
198
123
229
192
64
171
101
147
57
56
117
181
59
91
22
1
188
249
131
169
142
109
13
125
132
218
165
160
237
55
126
74
82
100
84
66
216
120
23
207
88
84
121
26
210
49
218
75
68
199
141
244
129
175
212
70
164
233
198
243
14
193
214
50
2
205
207
217
168
141
205
227
124
129
222
142
117
196
165
225
181
111
113
35
141
62
28
66
101
182
161
31
166
147
24
205
9
155
74
167
81
253
249
29
243
46
89
52
51
163
182
181
180
32
90
162
232
234
7
56
181
52
17
122
210
137
193
151
243
110
239
79
197
161
98
54
90
246
243
69
3
129
2
148
153
39
131
92
197
224
51
4
33
70
215
134
35
220
1
93
26
235
191
130
163
34
19
33
244
131
106
25
22
86
42
74
97
226
19
165
39
215
246
139
81
134
208
65
239
0
159
124
24
28
138
48
134
170
229
88
179
145
195
108
99
58
6
0
102
213
168
107
123
123
158
116
136
24
251
75
68
254
8
95
29
130
57
71
210
36
202
199
91
87
190
50
35
92
33
180
179
118
105
202
105
12
86
1
213
211
175
166
208
213
130
54
9
210
133
157
109
177
86
179
160
3
29
24
246
123
34
91
6
156
48
255
168
42
62
119
76
157
232
58
221
74
63
23
66
184
243
243
165
130
235
27
14
148
235
113
77
208
59
101
185
193
114
180
60
61
127
44
210
14
5
153
216
126
165
101
189
44
92
234
28
249
86
143
176
138
104
97
188
44
128
236
187
130
131
158
148
50
25
66
212
170
35
117
162
85
115
218
169
161
161
247
118
26
97
54
193
87
117
180
154
179
235
213
81
139
79
55
165
122
12
0
204
177
43
94
128
219
36
183
112
63
226
218
159
58
121
229
225
87
144
140
198
77
184
42
99
159
195
215
43
150
232
244
246
116
230
144
15
64
144
178
220
26
118
95
203
209
20
1
244
11
36
58
242
139
132
91
75
67
96
69
75
183
109
253
185
62
117
60
143
248
96
249
74
198
4
97
173
35
191
220
77
90
129
215
178
249
44
229
82
9
73
8
16
127
120
201
236
197
106
70
238
174
134
188
96
52
180
53
193
41
147
205
115
213
121
82
65
38
31
128
100
67
243
174
5
125
167
132
237
245
24
98
201
127
87
142
97
18
58
183
189
209
133
180
197
186
184
85
133
197
182
129
106
40
91
35
63
48
175
75
135
235
32
146
254
226
114
92
220
239
39
140
2
78
206
143
57
146
80
172
59
125
175
215
122
0
45
159
169
122
74
240
120
48
69
134
246
51
53
138
144
125
100
79
138
142
146
217
204
198
41
236
71
158
23
124
217
83
92
26
20
14
45
4
219
243
248
121
9
194
249
111
121
85
21
9
217
172
183
127
154
142
196
129
223
242
192
166
95
252
70
193
189
181
38
219
56
11
154
95
253
34
151
203
78
17
204
184
251
146
161
39
47
210
47
239
189
152
166
106
180
187
208
249
212
208
26
79
192
243
64
200
20
174
186
211
3
250
229
76
165
77
167
22
242
246
5
76
214
84
42
95
248
40
132
111
203
166
54
6
79
81
142
205
161
193
164
208
113
144
232
33
118
145
47
17
244
146
2
231
65
44
1
232
33
14
198
199
110
171
236
1
83
39
249
186
165
56
128
103
4
169
151
49
104
33
99
113
118
233
65
165
203
156
136
89
230
137
242
248
114
158
140
100
7
64
251
40
97
64
86
148
245
163
187
241
219
247
225
145
10
54
182
178
77
110
30
121
97
158
128
209
182
120
223
183
235
34
104
179
107
29
214
252
56
61
41
94
227
227
101
120
105
12
127
163
69
35
229
123
158
34
178
130
142
167
130
55
196
181
185
249
42
223
207
94
152
63
48
167
182
22
124
7
214
249
231
236
112
126
135
184
215
70
41
144
199
120
38
192
164
96
2
87
67
16
253
194
137
48
97
93
153
31
114
87
125
134
27
89
22
127
231
85
170
13
209
21
164
182
145
231
62
166
168
12
212
58
94
124
142
165
8
73
140
62
233
225
86
12
106
145
102
103
226
138
38
241
202
128
237
202
123
68
181
113
142
71
56
140
223
119
82
86
92
146
154
20
10
58
164
46
120
241
14
24
122
113
4
25
166
102
165
44
144
49
202
19
1
243
90
122
5
20
229
222
185
53
149
13
250
207
87
203
6
177
117
109
107
219
211
191
183
247
40
127
150
43
70
159
247
134
46
201
136
168
88
162
96
106
152
140
123
115
117
75
97
189
65
220
206
214
37
110
43
152
56
150
255
142
45
131
24
108
54
209
85
227
11
151
102
16
207
74
86
133
51
21
31
167
184
191
236
18
24
176
61
229
236
194
132
227
252
160
192
47
24
76
111
62
29
9
107
219
82
158
129
169
73
250
170
240
156
6
190
27
195
94
136
61
215
20
38
230
136
182
61
93
154
124
13
108
94
75
123
79
77
9
47
129
21
28
90
174
4
165
157
14
77
117
248
220
210
18
8
221
76
244
156
121
212
150
174
223
245
220
41
174
163
83
126
106
251
7
72
144
90
241
131
107
141
183
156
253
78
229
43
4
49
145
36
175
88
180
122
40
16
120
90
191
53
220
166
45
225
149
174
157
127
44
80
170
251
143
39
184
137
189
234
8
106
48
206
221
115
152
77
210
127
161
145
141
87
59
157
213
175
25
222
143
5
57
252
78
75
144
77
31
22
154
13
237
170
163
169
71
57
231
130
30
182
48
249
71
145
3
24
140
122
161
200
3
162
63
55
140
232
34
129
235
22
126
76
230
155
203
38
0
124
11
153
212
63
27
28
243
58
163
98
206
66
33
46
198
219
167
238
74
91
6
30
132
165
250
159
95
140
5
152
184
175
107
119
30
191
198
48
126
254
68
47
175
73
230
8
229
113
106
200
178
1
212
34
151
227
53
199
105
121
79
237
195
234
65
14
225
211
186
62
64
138
49
182
45
235
75
123
221
129
130
15
232
21
93
228
2
57
191
116
74
111
9
38
1
187
180
11
70
150
72
52
53
29
65
107
254
24
3
245
72
1
49
43
255
14
79
143
103
5
60
96
173
151
166
109
65
11
174
76
250
60
142
141
84
195
203
187
116
77
71
166
43
226
31
205
196
223
255
109
99
171
181
100
97
128
188
225
86
201
0
19
134
155
121
25
164
215
203
167
219
245
253
63
84
250
196
111
187
43
246
2
189
184
92
127
221
107
99
193
101
139
127
152
116
79
56
206
39
32
98
146
63
221
148
170
186
205
38
176
204
75
211
179
187
164
227
166
53
100
82
115
48
41
15
8
60
249
252
181
105
209
222
118
192
185
52
100
200
63
25
64
9
116
163
31
211
26
172
225
82
136
210
155
226
118
39
253
54
212
253
190
24
196
48
63
162
18
142
238
65
236
75
210
247
243
97
178
225
244
181
10
13
43
148
3
4
78
122
9
213
104
34
81
240
44
231
142
250
121
170
165
233
189
12
117
198
18
16
232
182
43
84
251
96
218
109
174
138
227
123
125
69
136
160
194
25
202
150
12
0
117
163
111
161
175
64
146
98
16
15
27
102
189
5
188
99
207
38
0
1
82
23
16
143
77
216
62
104
47
79
63
21
214
151
231
10
33
253
155
142
153
91
41
145
206
216
80
46
26
171
41
248
183
102
6
11
64
113
72
128
182
36
206
218
128
48
183
58
253
212
34
248
62
105
16
184
111
244
84
47
197
201
19
173
166
32
197
164
140
249
14
149
213
137
229
135
203
171
221
31
227
217
63
19
235
99
21
195
250
51
136
172
244
61
249
112
127
168
21
197
139
69
156
54
108
97
242
151
195
71
174
52
211
149
160
158
108
124
29
28
119
194
93
206
222
173
40
45
215
221
214
48
240
250
171
136
33
75
218
170
14
37
54
58
125
248
141
132
69
100
113
210
67
119
70
34
244
161
162
176
92
90
120
55
24
254
27
101
97
57
40
50
44
77
204
106
92
125
200
251
23
252
164
99
166
75
205
42
106
77
44
81
86
197
224
94
224
236
52
205
129
172
21
39
234
37
37
99
142
132
92
254
84
58
202
192
231
52
113
217
65
153
144
141
229
108
51
182
36
89
101
49
56
71
243
206
213
61
94
50
220
109
22
68
62
161
175
247
22
151
84
105
217
72
73
247
159
156
124
202
47
228
239
25
166
79
186
51
167
192
118
142
229
135
81
38
172
145
194
209
233
148
100
172
41
105
228
151
66
8
60
111
94
159
190
82
106
202
191
228
51
241
50
155
241
189
10
6
126
40
246
227
106
192
97
58
228
69
24
183
168
128
104
197
221
59
247
209
17
55
160
115
114
76
72
28
99
224
205
174
101
209
94
63
164
39
82
115
19
182
26
140
237
255
10
68
93
146
38
113
172
253
244
164
86
144
74
142
178
89
237
49
23
179
240
136
8
199
97
242
218
11
40
115
99
205
140
213
173
206
136
133
219
203
198
143
186
128
106
107
166
164
110
231
13
198
149
180
28
203
114
194
62
250
167
187
42
190
251
72
229
106
51
141
41
197
135
254
112
135
90
51
242
33
42
114
108
171
143
143
25
194
207
225
67
22
245
219
40
151
56
143
134
251
25
51
43
122
26
166
46
18
216
113
50
196
33
192
194
143
20
40
17
221
155
1
138
225
166
160
113
190
113
78
25
238
125
50
239
110
233
98
64
193
245
29
19
204
61
50
47
221
178
74
238
154
4
197
65
79
25
199
7
169
62
28
158
15
190
220
175
6
37
80
231
36
115
31
32
6
225
83
171
162
68
159
176
14
68
155
52
236
169
213
146
50
175
55
170
231
243
57
69
206
195
119
187
201
133
73
208
206
180
34
43
28
204
5
18
80
39
173
20
183
25
141
105
91
243
182
127
50
49
96
3
210
70
159
0
36
167
68
22
133
138
209
179
199
72
191
88
163
164
48
179
78
158
4
164
41
163
0
63
241
37
103
9
147
212
25
205
85
231
95
35
57
136
215
41
156
54
94
72
135
187
164
85
201
96
55
61
124
131
21
72
61
82
37
65
99
21
168
180
226
136
190
128
97
116
122
250
224
8
223
164
6
177
56
119
245
110
88
104
161
129
81
170
94
20
158
46
214
43
162
207
118
177
219
56
48
35
96
146
155
13
45
198
72
17
170
70
134
102
240
216
227
99
60
237
31
13
10
77
210
183
165
202
27
74
156
48
190
54
246
198
244
136
133
4
168
62
168
126
189
12
22
171
152
36
90
2
129
31
1
19
30
121
142
75
117
44
231
129
3
89
85
124
228
35
171
33
109
170
117
80
178
40
99
214
54
50
237
91
133
161
48
219
220
199
243
193
178
140
35
235
50
55
142
31
25
127
17
86
13
236
1
196
89
61
59
143
238
128
172
68
214
178
21
173
193
155
31
35
192
49
176
196
250
245
82
146
212
195
158
71
119
108
50
121
56
89
51
167
169
47
200
249
230
151
87
2
194
12
215
200
2
145
207
233
234
97
146
147
217
145
23
101
151
107
229
176
7
98
253
50
197
36
248
37
172
195
95
117
147
140
121
80
114
76
228
253
121
116
112
19
255
107
78
45
19
70
221
94
3
118
83
241
181
35
64
235
56
239
194
188
161
4
96
26
176
207
58
53
52
118
152
132
235
198
225
209
254
91
233
111
80
112
192
136
228
141
250
151
109
209
231
126
193
252
65
123
222
199
93
33
190
168
5
114
109
237
116
186
51
252
67
22
193
225
80
74
248
171
157
159
38
134
112
243
131
225
184
205
20
48
63
59
63
66
19
102
108
231
29
85
18
157
231
71
244
170
128
25
216
190
229
216
177
199
131
110
232
222
206
11
19
40
219
232
232
153
84
224
135
219
187
193
7
204
189
134
8
54
34
131
242
69
203
198
50
87
199
173
246
177
243
144
95
172
148
209
191
166
212
198
86
98
22
172
223
89
250
240
233
28
13
155
76
230
9
128
168
166
20
156
116
151
189
102
56
14
32
215
45
202
30
12
63
4
28
13
231
155
89
124
18
191
124
118
175
165
251
171
189
92
176
2
3
63
117
66
7
111
88
72
207
55
143
32
141
39
220
79
99
16
19
223
206
0
61
16
75
88
81
47
130
115
65
115
255
192
4
231
18
50
33
108
154
137
94
14
123
137
164
113
182
226
121
235
12
30
92
243
82
17
138
74
240
191
249
245
27
26
148
225
75
198
82
133
81
84
227
7
193
39
148
69
222
59
62
49
139
241
46
15
216
210
253
225
43
7
49
69
196
154
113
39
69
42
20
255
92
192
56
147
204
176
214
69
141
192
115
221
138
227
159
252
16
54
56
9
186
157
179
35
159
249
172
243
183
110
42
24
149
139
159
40
149
85
133
91
92
18
144
48
92
225
56
216
60
235
178
131
218
243
209
89
57
111
154
170
147
236
242
230
83
104
149
128
213
228
5
95
154
185
85
169
213
104
36
148
60
142
110
164
158
71
113
22
74
0
177
152
233
122
60
238
119
128
105
9
232
127
136
53
76
188
53
115
202
24
234
69
62
135
178
163
146
213
68
92
201
89
217
96
98
141
92
131
70
193
137
138
222
163
249
21
8
217
241
140
63
150
253
45
156
127
103
210
174
40
158
34
23
37
115
225
124
162
58
161
219
244
111
49
62
217
225
252
251
16
53
111
120
55
157
121
41
143
56
131
225
35
56
81
129
220
189
210
227
44
180
149
87
147
116
201
47
41
216
56
77
89
81
185
184
149
46
234
85
47
21
246
61
54
33
88
64
249
20
195
47
7
54
54
88
31
157
18
126
16
149
43
215
186
120
221
191
198
22
141
204
123
122
170
33
117
27
228
217
22
176
20
120
86
31
14
43
156
198
186
101
151
240
198
103
229
43
211
236
175
108
92
250
58
70
226
249
103
182
81
135
135
32
197
83
32
196
34
69
54
87
194
230
79
173
112
13
98
165
111
158
69
171
144
4
155
65
252
237
117
191
102
89
150
216
190
85
241
142
196
230
107
223
196
124
38
84
250
196
13
61
136
238
187
20
130
129
28
117
226
244
244
135
79
129
100
104
232
180
221
7
185
64
187
139
141
185
152
208
68
72
126
186
152
254
148
45
10
103
216
11
17
16
62
235
201
25
6
39
219
94
61
243
183
7
194
219
192
99
211
223
208
100
29
153
55
37
136
233
6
234
219
80
117
83
154
110
117
122
220
93
144
71
192
236
62
243
70
225
50
44
59
125
18
11
176
217
238
114
164
18
140
81
134
70
155
51
244
125
219
208
137
20
71
60
139
171
69
47
102
64
224
16
45
80
136
226
102
127
242
245
96
183
181
207
65
56
220
235
22
190
39
69
145
224
180
151
184
50
15
224
118
184
229
125
143
220
132
134
92
78
170
216
3
207
163
171
15
169
158
198
30
81
34
172
177
79
45
118
150
192
223
31
139
160
179
142
165
122
9
117
149
9
77
208
27
79
150
135
211
239
36
228
209
151
103
11
169
249
26
81
138
143
249
198
77
17
164
110
7
21
187
188
127
156
59
221
213
220
131
88
211
132
195
241
190
9
101
213
143
220
144
141
234
10
69
203
211
187
144
176
42
94
154
216
222
161
243
32
94
100
50
196
37
139
132
127
146
155
96
255
92
67
137
216
61
204
100
211
107
253
242
116
80
95
114
112
158
217
140
145
11
236
141
185
79
138
66
163
80
125
169
169
7
7
124
145
142
246
118
224
95
167
94
154
202
251
50
122
151
148
1
150
74
213
120
61
145
194
237
5
246
168
26
102
250
57
51
251
48
188
213
169
180
35
108
76
64
76
154
183
174
157
234
163
196
232
18
98
246
64
0
160
31
239
229
202
68
164
246
201
230
141
29
105
90
164
209
248
255
110
114
67
27
157
100
236
119
234
236
200
124
91
173
88
196
189
185
35
127
251
216
75
246
74
199
12
197
8
134
90
100
17
135
186
62
235
33
242
76
37
232
172
239
61
13
102
40
75
154
248
80
80
0
171
69
218
30
239
5
231
225
7
116
255
124
165
7
206
70
15
196
130
119
90
21
174
49
32
167
39
6
50
109
82
203
28
61
0
26
136
245
234
25
192
109
254
159
113
126
143
70
224
120
159
63
86
106
242
242
111
226
37
91
212
175
121
220
221
204
103
61
177
152
213
183
169
215
209
255
1
142
11
140
63
205
223
20
185
120
225
18
98
100
20
232
144
151
49
132
84
15
198
76
108
247
253
9
107
205
163
18
11
39
196
133
198
24
68
39
23
117
122
163
128
172
195
243
245
50
238
155
129
71
150
50
177
223
137
122
213
107
250
137
210
187
161
8
190
239
121
15
21
48
63
252
94
216
80
9
125
8
232
8
10
195
133
208
185
50
147
218
203
191
16
230
255
47
155
88
108
27
32
238
194
25
188
210
144
217
207
19
127
85
51
7
255
34
178
67
47
78
144
6
251
130
206
119
238
132
44
6
85
202
229
184
118
160
122
251
70
244
36
100
179
223
182
48
90
193
243
1
156
157
124
136
208
18
196
34
222
99
174
253
229
193
247
246
197
156
249
82
231
179
45
21
53
214
196
45
209
216
130
87
42
132
196
40
152
60
194
200
128
37
31
247
249
57
9
54
72
190
124
76
59
220
183
88
82
136
173
145
11
97
68
133
76
60
43
28
222
182
119
40
244
232
136
208
126
50
240
125
65
3
77
9
207
158
133
190
60
87
29
167
111
104
149
45
200
124
60
181
133
228
113
199
21
167
79
223
209
114
93
246
38
248
58
123
242
224
86
81
68
118
129
78
40
21
227
68
9
252
179
145
135
114
213
208
242
11
146
137
226
196
96
104
60
135
35
154
187
130
154
145
150
94
239
125
35
232
221
198
124
10
88
13
102
218
67
21
11
168
100
118
56
126
250
59
161
10
20
97
107
63
56
100
202
176
109
65
11
204
78
62
197
177
132
198
62
114
71
42
13
154
114
96
224
234
99
98
11
109
68
245
51
225
57
238
132
51
236
21
97
151
19
161
121
4
103
87
126
48
136
57
25
168
21
23
129
6
142
199
29
223
6
88
97
124
48
224
110
130
47
201
134
16
202
141
19
222
192
37
8
183
120
32
62
171
89
242
46
139
215
199
212
50
194
242
239
237
47
164
105
209
120
162
88
238
167
111
81
57
156
29
206
28
137
156
88
214
135
123
52
194
225
132
90
70
222
187
138
144
117
65
178
86
176
168
221
13
157
204
133
25
11
55
153
221
106
187
3
215
252
99
227
81
228
86
187
113
4
3
54
37
100
64
83
34
159
50
37
101
211
205
15
230
40
142
250
87
80
51
229
111
104
64
18
34
46
170
120
210
190
124
211
20
35
10
144
166
94
94
99
37
38
230
124
130
170
123
5
91
138
34
21
88
190
97
62
158
89
50
73
25
155
152
214
2
161
192
6
8
88
253
172
77
217
223
243
214
118
241
82
175
69
161
187
14
145
233
27
116
216
178
148
226
198
107
163
38
127
63
146
36
111
110
84
222
140
64
122
118
143
57
32
63
249
138
129
141
148
93
21
60
107
207
249
149
177
171
227
236
20
245
156
46
15
200
123
132
185
62
120
107
254
177
18
27
247
15
82
60
162
14
8
14
40
70
161
50
8
25
176
4
17
230
199
223
204
113
51
72
103
48
59
207
121
221
212
5
103
126
134
8
151
172
183
214
59
22
229
144
32
60
60
184
217
50
42
96
37
109
246
216
131
53
159
12
217
34
48
112
205
3
94
49
186
211
217
229
164
130
243
27
138
156
104
176
189
46
167
63
119
37
227
241
80
190
26
42
74
30
107
140
222
49
131
218
62
82
97
6
205
16
81
228
46
41
236
174
185
63
135
255
76
101
103
50
209
54
63
78
104
145
79
65
166
130
46
158
214
142
139
235
41
37
82
131
113
16
119
10
220
96
207
28
188
87
220
170
52
9
201
30
192
187
198
153
206
13
240
9
37
249
8
39
20
116
255
102
218
139
239
159
76
143
153
51
91
81
211
107
3
133
200
182
227
76
143
225
63
252
7
233
204
32
241
147
6
242
121
175
185
37
239
166
151
125
132
75
209
113
249
13
230
248
104
127
154
109
165
173
51
78
167
191
168
133
116
206
119
53
128
65
63
206
113
224
223
117
52
36
162
18
136
148
157
223
204
28
53
83
127
139
254
240
156
41
212
18
69
8
32
203
146
53
126
235
178
232
176
132
45
153
127
238
50
200
39
205
0
195
138
76
195
70
63
34
67
247
129
193
214
115
66
75
234
34
159
6
166
56
199
86
151
47
83
209
174
157
175
67
254
32
182
63
201
74
41
70
221
214
82
212
227
184
63
201
246
241
96
184
25
168
107
214
239
111
88
130
184
78
215
125
77
213
155
139
87
111
12
27
133
79
73
51
34
142
215
227
229
152
133
34
109
57
162
176
42
148
27
214
179
211
102
170
123
11
114
197
67
131
220
236
39
2
40
50
113
16
55
70
103
80
241
57
181
39
203
105
148
52
208
105
116
193
194
53
84
47
66
64
229
36
147
231
120
88
10
49
228
76
78
154
100
112
165
204
17
187
91
167
56
58
74
215
234
75
59
75
118
195
231
195
79
152
154
166
15
117
105
155
142
46
183
61
243
150
145
103
177
47
220
67
75
219
31
97
245
89
217
146
42
202
154
200
54
101
18
47
209
179
3
12
236
140
196
117
29
20
95
217
203
217
244
29
205
207
14
37
149
120
170
230
201
106
115
196
40
146
199
176
196
54
188
222
6
36
47
192
121
12
81
137
80
198
216
139
150
113
229
184
154
53
183
31
229
112
215
81
82
200
30
40
204
167
79
72
116
114
151
225
130
243
37
183
216
30
101
210
28
250
75
142
195
60
77
138
109
93
89
204
107
245
47
143
209
218
102
195
225
248
140
20
220
56
0
216
188
188
3
140
79
156
9
198
65
0
254
149
84
163
132
232
124
163
162
237
184
133
108
140
124
55
134
242
159
43
140
244
12
154
161
116
121
160
129
34
71
15
82
220
10
39
34
92
102
145
55
81
47
97
240
82
34
178
11
96
130
114
169
91
34
163
188
34
189
103
26
60
143
28
223
62
4
123
46
215
96
151
189
240
188
64
249
116
94
193
174
147
115
58
82
51
42
165
63
12
139
227
196
76
90
183
183
71
24
22
65
55
117
106
212
253
194
200
113
21
175
45
97
133
34
204
97
24
20
55
216
35
130
77
89
238
170
158
101
168
7
34
173
134
175
115
95
255
241
163
239
34
120
140
97
63
28
106
238
65
219
12
242
158
3
60
138
251
7
6
133
230
21
79
8
41
169
91
37
217
5
16
128
38
105
201
141
144
143
236
151
161
2
248
43
7
140
26
55
55
136
67
242
142
49
121
213
187
108
3
43
85
135
42
252
128
52
177
175
211
182
244
175
232
145
228
5
203
118
160
242
12
139
126
90
54
222
209
49
52
221
243
51
232
71
71
161
137
112
188
190
248
18
202
154
229
9
239
105
8
42
184
165
241
31
243
48
53
80
216
169
94
73
79
46
193
142
62
21
134
108
3
155
110
253
220
130
10
121
216
22
189
215
157
66
126
12
242
149
37
219
38
77
216
83
252
226
27
182
214
228
101
216
159
119
140
158
215
30
138
255
165
128
66
189
63
91
62
88
100
215
90
47
143
19
36
43
84
74
12
166
54
182
173
228
102
252
139
52
98
163
189
114
82
68
140
152
194
90
73
127
123
214
41
179
15
89
140
42
243
73
55
156
222
232
217
206
86
36
75
126
126
146
188
242
111
155
95
134
44
46
124
74
218
134
214
202
214
141
255
232
109
105
184
99
144
73
190
120
67
252
85
171
96
253
40
197
225
53
16
57
158
81
126
91
227
153
234
94
235
247
21
203
178
228
145
184
159
40
4
78
152
23
52
3
39
77
147
6
61
204
97
30
224
176
63
185
11
195
57
84
203
76
148
203
43
148
186
28
13
250
59
242
116
113
168
255
20
151
147
23
216
186
89
210
118
106
132
183
186
165
94
213
100
149
117
156
69
251
215
72
162
114
191
126
238
20
210
63
68
255
90
192
152
8
167
141
153
183
12
221
70
58
115
113
41
249
209
145
169
59
119
80
168
64
132
11
14
240
89
4
89
54
248
251
126
126
163
254
72
137
215
64
124
107
54
145
12
44
218
112
86
239
157
32
254
242
177
186
111
225
114
201
105
1
39
41
255
24
99
158
42
47
106
207
189
43
161
92
97
187
226
123
194
105
130
247
168
68
246
118
5
121
41
161
24
17
2
16
148
6
215
45
188
24
59
13
227
121
189
113
30
107
59
53
179
58
176
23
58
223
245
27
15
237
15
187
145
149
53
83
48
101
206
226
53
154
174
186
45
179
18
68
30
146
27
204
141
248
250
214
115
100
82
241
133
131
97
222
130
245
20
144
251
125
23
74
46
95
8
86
142
210
66
217
142
220
226
230
78
35
248
3
149
95
69
243
66
84
209
130
117
106
222
163
59
188
203
106
81
74
220
55
84
98
66
46
206
30
141
84
84
146
8
143
113
99
110
178
226
91
58
194
74
182
100
102
123
121
96
124
243
30
114
89
150
97
77
194
133
33
147
199
229
22
79
54
225
68
174
226
184
167
194
65
84
172
239
130
19
100
114
8
108
102
149
64
213
171
15
213
184
90
204
204
128
237
79
83
107
75
232
170
192
121
250
178
28
210
241
45
75
132
5
98
208
56
115
219
218
116
224
48
97
255
117
111
199
68
111
242
124
198
109
96
11
16
9
177
203
32
131
86
0
252
163
138
19
220
221
251
146
27
11
126
239
249
153
58
79
138
48
40
221
247
87
49
149
203
47
117
133
215
157
89
161
156
169
144
94
28
163
119
161
223
160
216
43
244
29
43
184
45
252
41
9
67
213
225
223
200
32
73
191
147
220
166
64
98
73
0
230
147
8
146
100
93
19
131
89
81
190
33
20
186
19
168
156
138
46
77
252
131
249
17
54
233
202
154
198
138
183
241
57
223
226
193
65
54
38
216
180
90
2
197
175
204
126
187
33
178
96
124
186
165
94
128
51
26
232
60
252
169
96
242
45
61
122
16
147
206
125
93
152
56
2
26
72
229
45
76
47
98
45
224
11
77
101
103
115
148
255
104
31
103
137
238
53
212
166
239
6
131
249
74
126
39
74
165
43
172
21
211
62
2
136
128
71
228
205
66
209
201
241
195
28
198
166
81
115
38
31
39
15
174
136
146
194
204
34
39
64
212
150
16
152
10
95
101
159
141
184
177
159
68
237
20
13
25
191
88
205
3
87
30
118
4
109
3
133
199
123
90
57
250
253
78
53
105
240
203
81
193
29
38
236
94
35
154
32
174
228
22
3
54
161
153
143
43
212
24
149
61
244
242
0
159
131
148
200
169
36
201
47
203
252
167
14
63
207
220
2
21
37
34
158
52
90
243
140
157
40
75
176
144
172
225
153
65
5
78
156
126
223
44
28
248
188
179
221
116
221
150
143
229
217
130
52
86
73
36
244
234
4
66
13
255
155
45
26
119
241
29
226
0
131
77
73
131
168
69
126
24
115
143
101
29
247
150
141
44
152
19
54
232
145
52
81
252
223
91
62
119
162
12
187
105
114
122
54
140
61
190
119
115
151
51
220
135
229
152
139
175
129
149
174
176
253
53
30
101
13
132
165
160
183
132
11
2
113
47
80
58
136
238
221
64
76
149
9
76
59
158
117
1
109
143
182
143
97
178
69
23
63
229
184
250
149
242
109
232
154
160
130
219
232
65
58
35
62
228
3
104
228
63
165
211
51
4
236
87
167
243
39
67
212
184
44
241
249
234
255
24
135
172
65
161
13
223
111
148
61
77
248
123
90
64
116
159
32
226
19
225
109
108
185
28
242
69
243
234
174
113
235
91
186
126
178
194
67
143
133
255
221
62
238
59
131
9
53
123
174
114
173
217
219
196
150
26
196
64
129
74
245
200
203
60
119
70
183
199
210
88
214
109
10
39
48
73
220
229
7
114
223
88
182
12
250
251
192
79
230
33
195
116
245
154
99
32
79
95
240
120
206
21
167
232
48
59
100
41
48
192
160
218
65
37
55
188
220
185
105
253
214
221
120
254
81
236
153
16
102
194
132
67
136
83
130
224
150
193
243
45
187
253
55
144
148
230
156
153
241
161
137
158
159
105
222
145
83
228
15
143
219
251
112
6
213
87
149
249
185
44
4
209
45
196
155
251
212
167
184
73
231
172
214
20
75
29
177
200
145
158
13
251
115
155
170
50
40
245
45
15
244
229
32
253
72
185
179
111
11
46
14
186
127
18
223
61
101
216
114
39
253
215
174
204
156
181
182
55
224
7
223
180
110
55
19
82
153
11
26
109
176
190
175
103
57
157
97
97
52
22
70
5
44
204
8
23
233
209
124
132
198
22
205
80
110
69
132
67
131
171
138
193
205
242
39
89
51
227
245
156
51
185
96
193
154
163
188
88
100
181
225
155
5
11
250
35
19
40
161
167
57
165
206
152
17
19
214
148
204
74
31
86
190
164
20
199
28
16
164
195
54
152
115
134
28
157
201
227
241
169
66
143
188
152
82
155
200
163
113
4
244
169
91
244
255
81
172
46
222
158
27
37
189
231
173
204
104
87
88
203
177
9
231
155
166
206
179
62
26
198
228
148
36
197
237
152
63
175
150
68
2
113
165
100
6
122
121
111
87
66
179
201
85
163
58
74
232
112
172
123
207
96
242
11
190
149
220
139
16
129
78
21
43
69
14
76
78
98
54
28
104
157
174
99
49
236
103
57
246
17
95
136
106
236
32
190
56
121
159
4
56
54
210
100
149
113
125
53
9
140
136
37
46
209
186
171
175
30
15
38
242
89
46
184
3
66
17
217
248
70
231
110
17
95
108
46
121
129
121
95
69
227
212
45
73
171
85
206
109
245
14
72
179
20
191
148
15
36
34
62
40
130
96
86
167
230
253
117
154
215
10
78
126
54
208
250
194
14
93
107
225
195
220
195
169
154
253
88
240
36
17
101
227
200
53
193
234
205
90
245
8
127
78
68
245
191
143
2
22
116
45
225
187
163
127
20
154
237
225
86
190
185
32
49
218
0
65
122
67
25
248
129
101
38
91
176
217
74
151
136
1
20
106
236
204
92
113
30
169
143
89
128
45
80
91
255
0
154
93
116
20
145
189
80
42
151
248
64
255
121
227
112
106
21
155
209
104
104
171
250
117
23
154
22
46
33
47
220
156
249
40
246
172
181
174
89
43
242
145
53
222
238
138
127
189
182
250
141
226
212
87
225
161
30
19
14
162
248
139
174
186
93
219
192
129
164
192
193
215
174
2
59
65
176
76
19
100
19
197
24
117
118
81
53
194
111
74
98
183
102
198
193
147
131
16
63
188
90
214
122
44
80
20
82
102
143
226
17
182
156
88
70
46
254
95
35
45
153
122
185
60
234
144
75
114
174
147
18
225
26
174
121
123
69
196
184
67
227
64
145
125
186
48
185
30
100
254
229
223
37
46
223
72
196
108
250
82
28
42
145
224
226
200
139
18
232
255
177
207
222
165
15
64
135
57
249
130
76
157
86
175
115
15
63
10
8
180
44
197
58
140
81
252
113
140
88
7
159
213
213
240
66
61
72
66
176
70
77
89
39
108
125
200
60
252
128
202
222
189
46
32
201
214
211
183
246
186
60
249
88
141
202
26
171
143
123
34
166
114
96
27
6
106
9
99
149
202
17
57
151
13
36
118
19
48