10000
139
197
69
51
207
169
149
199
104
175
174
193
225
88
137
92
2
104
227
201
65
109
151
134
144
229
169
175
127
153
108
206
71
215
121
127
209
44
19
17
62
253
30
221
64
5
88
110
209
237
226
183
30
128
153
28
159
104
238
65
73
6
243
61
54
232
111
124
134
170
56
63
235
208
173
96
233
212
228
69
255
191
44
150
69
79
143
121
78
3
171
204
191
100
128
153
148
79
37
126
243
192
178
69
245
14
53
86
20
3
129
249
239
250
46
149
83
191
61
39
31
208
86
121
84
174
78
132
73
85
185
26
124
42
125
38
163
129
213
248
48
6
115
24
213
231
233
159
107
62
99
240
205
57
46
106
110
70
28
145
14
61
207
250
129
145
109
153
103
65
231
67
138
77
223
24
43
195
74
143
121
153
233
191
139
52
98
59
216
160
23
244
200
253
2
136
198
245
114
138
246
144
47
103
33
64
18
246
250
4
216
96
216
228
9
82
99
99
238
126
149
59
191
116
46
162
62
247
93
118
112
212
133
52
113
98
242
106
223
115
120
216
157
26
2
65
84
119
23
241
110
188
135
156
79
69
153
93
210
10
56
35
212
189
184
81
228
87
104
211
209
145
143
34
83
73
173
61
236
155
166
219
118
229
59
203
152
159
157
183
21
218
74
8
120
213
248
96
158
200
226
9
14
105
182
240
190
101
62
18
245
163
119
49
6
203
156
43
180
193
140
66
130
233
55
149
166
101
13
192
246
34
198
194
71
20
126
186
27
75
88
97
212
218
30
236
77
55
88
27
150
84
87
67
97
119
1
30
155
181
190
67
64
17
70
98
29
238
189
25
188
23
38
57
49
96
137
247
212
180
220
242
107
42
204
223
41
147
30
26
15
244
194
11
68
241
19
168
124
174
2
156
72
173
8
155
72
121
9
185
254
120
238
25
208
140
139
18
54
203
93
103
162
26
149
89
148
25
77
12
141
112
131
109
19
0
247
216
205
94
226
62
108
118
69
119
192
253
207
85
6
130
19
117
39
17
156
86
96
230
214
58
228
126
91
47
66
102
123
199
75
5
48
157
58
61
144
166
146
172
217
33
8
31
67
29
68
80
67
202
244
74
204
167
79
120
241
127
196
117
53
224
30
229
231
184
65
166
221
223
230
120
80
167
139
217
159
201
218
124
231
214
81
31
45
42
209
250
23
220
149
38
97
48
102
66
29
177
105
48
24
29
135
58
10
57
21
12
70
55
255
14
92
108
166
197
165
242
141
8
43
72
222
29
116
168
90
213
232
44
249
88
49
193
168
201
178
116
135
230
211
230
209
72
126
100
34
4
29
181
81
20
154
183
221
189
155
253
96
173
165
115
35
212
245
65
205
24
137
38
223
107
129
57
90
177
42
96
184
14
70
162
231
48
137
90
117
230
34
220
159
241
250
78
210
20
167
60
32
76
37
247
70
66
104
119
49
38
90
151
95
57
104
204
185
218
56
198
199
133
49
59
49
166
125
202
199
79
217
98
130
233
120
30
32
71
194
9
125
168
216
90
179
86
68
205
218
216
179
246
205
136
7
212
171
28
112
17
195
234
41
52
0
38
139
32
86
228
137
153
42
100
235
108
144
176
163
72
166
194
153
154
249
19
239
163
64
83
5
44
241
234
56
201
172
11
202
153
128
241
82
186
87
186
82
165
1
244
37
209
222
210
174
101
248
53
25
65
176
110
196
29
128
95
184
186
2
119
2
3
215
44
155
57
194
0
7
172
47
183
20
112
53
22
69
80
148
30
82
146
231
200
158
72
252
252
71
190
6
61
172
18
236
157
20
168
76
132
130
45
25
41
11
199
119
246
239
216
159
238
110
246
252
220
185
127
100
85
83
18
253
124
47
172
172
131
120
65
204
46
1
64
142
3
188
243
34
243
7
42
139
220
99
34
80
147
223
143
191
101
59
178
147
34
123
225
227
135
5
84
85
191
225
210
149
7
39
13
81
129
65
151
168
213
229
245
4
216
242
216
143
65
83
100
23
46
4
200
154
27
136
186
157
142
66
244
154
32
55
235
51
1
157
73
25
198
15
115
229
19
161
168
199
145
205
202
196
108
203
89
142
127
71
81
32
1
210
208
99
165
29
121
190
31
115
49
205
65
95
92
106
8
213
151
89
154
76
81
140
56
203
18
249
156
150
150
154
50
199
244
56
94
143
167
197
193
129
144
24
176
51
70
22
23
51
217
253
226
253
97
129
55
244
101
73
150
90
219
114
41
65
80
23
209
9
211
185
19
156
107
108
127
38
14
142
196
154
12
223
249
245
219
237
165
59
182
160
197
64
78
25
180
77
6
117
160
168
241
241
186
68
68
138
111
163
253
28
146
92
141
215
254
14
110
74
30
160
102
254
132
240
171
146
67
103
206
80
168
179
83
40
129
4
42
213
183
217
149
204
115
241
66
8
112
203
251
39
62
19
31
236
119
208
18
186
108
199
87
0
40
0
179
180
170
60
196
96
98
232
42
50
92
148
11
127
243
169
181
216
5
150
182
205
166
69
72
247
42
222
233
169
185
148
87
127
169
178
210
239
127
134
64
49
198
177
222
128
185
30
201
251
54
78
74
21
121
41
142
78
49
147
201
170
116
139
47
62
142
144
208
51
177
23
183
243
210
83
168
182
85
81
159
133
31
98
173
17
200
222
141
192
119
35
186
212
233
153
91
109
7
27
228
232
56
134
142
68
101
72
130
245
236
54
35
29
86
28
203
84
171
40
200
94
109
196
234
213
105
99
184
106
72
55
251
202
158
139
64
158
143
40
27
6
173
236
140
172
21
87
156
74
66
202
146
196
195
136
141
51
120
180
251
54
189
70
103
169
128
30
88
62
10
82
255
103
5
88
86
22
66
87
141
185
132
84
51
204
122
94
190
184
203
174
192
111
222
123
23
233
2
138
96
134
234
107
74
158
103
18
188
249
227
245
50
203
197
153
224
145
252
5
160
88
14
64
118
185
58
241
128
136
90
162
217
164
22
49
147
98
54
147
137
0
17
8
106
72
159
247
14
8
180
39
50
94
139
183
39
235
249
58
74
68
213
235
77
120
170
2
72
62
8
161
215
53
61
136
25
79
182
53
28
61
127
183
186
247
1
204
10
37
197
94
204
197
241
119
4
12
135
65
53
215
220
160
107
17
232
3
102
183
93
55
36
229
188
147
25
209
190
3
71
33
122
119
37
140
147
81
152
190
206
234
229
108
131
39
75
51
2
136
187
197
85
195
207
18
114
200
14
182
219
142
212
239
58
220
177
104
243
91
89
21
97
42
228
107
174
177
67
134
29
178
231
0
188
143
60
228
90
204
34
13
223
193
94
203
39
113
221
27
117
87
27
165
58
179
207
181
230
59
242
33
106
238
156
96
39
14
38
16
186
192
32
233
139
72
48
116
72
113
118
110
166
108
245
113
121
243
61
117
5
128
69
90
61
110
76
133
74
232
141
130
45
136
178
222
81
59
158
36
83
174
96
215
227
8
90
84
84
171
81
228
211
200
184
195
162
36
120
181
111
26
62
180
234
109
204
203
242
136
243
118
225
122
186
231
37
215
62
1
253
111
203
146
254
122
236
154
196
189
50
194
180
249
147
232
186
12
179
233
155
151
168
235
171
156
255
136
69
215
212
194
6
42
5
225
255
149
98
191
229
86
139
56
225
239
233
163
178
69
124
252
26
14
43
131
93
90
182
142
115
171
186
252
83
92
109
144
170
74
2
136
169
6
163
101
195
166
221
214
189
135
215
92
89
235
88
116
200
101
235
98
218
248
89
104
204
158
6
206
251
12
103
103
9
124
24
210
52
35
70
160
106
72
151
238
223
42
221
162
226
57
215
2
13
158
86
106
159
118
168
113
47
143
215
217
119
108
89
13
140
120
135
100
223
58
207
231
180
29
19
169
186
3
249
42
144
37
106
184
209
225
164
163
186
164
194
204
110
198
174
125
213
58
161
179
11
251
171
55
139
207
176
46
79
220
126
120
198
18
244
29
20
25
40
79
244
164
20
6
214
149
160
161
220
234
8
241
107
77
11
76
61
118
87
167
17
134
35
101
18
122
102
198
87
214
107
176
162
245
201
34
130
148
28
191
178
254
224
35
221
217
169
184
228
221
119
65
168
81
53
24
198
174
253
108
193
123
101
200
127
55
79
229
4
225
177
154
229
39
244
112
149
71
6
158
172
171
35
8
115
199
98
127
183
25
200
241
154
177
157
173
225
26
244
2
231
203
40
35
60
174
69
166
17
133
208
246
64
32
42
58
53
8
117
60
149
176
78
19
40
162
144
243
34
145
98
168
186
43
201
104
109
196
47
239
23
169
95
165
138
135
96
203
29
42
123
15
192
84
111
61
177
226
106
86
68
4
209
75
98
204
65
143
84
207
61
111
89
148
239
30
1
252
7
222
96
14
34
234
42
89
121
105
166
150
8
250
125
91
118
58
209
80
174
108
234
11
183
117
238
137
244
96
105
39
79
133
105
163
174
180
232
195
4
19
20
153
177
249
48
219
47
67
178
1
46
100
130
6
75
51
178
97
68
148
246
7
62
238
56
74
152
79
102
61
90
251
84
222
250
3
83
207
52
191
213
25
190
109
118
170
63
206
236
232
211
224
250
178
134
76
61
31
225
117
211
227
255
105
23
184
190
122
121
12
107
2
192
71
244
254
224
35
220
248
96
222
249
246
248
2
26
27
93
79
74
190
29
93
151
157
55
174
184
120
12
110
171
138
105
117
13
133
144
113
180
229
60
228
155
240
2
34
199
184
183
38
2
96
55
80
186
54
246
111
94
65
82
34
73
175
194
232
37
36
93
144
34
214
114
132
19
43
241
74
233
236
147
161
103
103
61
239
122
60
247
85
45
224
189
45
114
81
7
247
212
185
141
143
9
186
251
215
23
81
64
88
27
208
175
91
29
38
59
254
90
110
163
113
249
231
120
131
214
14
69
246
168
122
201
112
179
172
107
199
184
242
193
136
174
200
148
58
8
138
124
118
130
15
170
126
115
135
128
63
189
82
38
52
207
182
1
186
88
0
61
120
32
63
204
70
13
210
200
226
16
97
126
190
96
126
244
4
159
17
32
135
58
7
245
222
188
253
39
198
56
214
4
105
189
249
243
230
174
233
12
226
2
219
164
28
201
9
174
1
180
251
205
11
232
133
116
144
169
114
91
214
131
95
246
39
49
221
241
24
168
150
1
61
101
64
56
252
212
119
66
8
234
140
191
42
157
201
52
212
76
22
28
54
115
63
204
215
208
157
39
43
186
136
178
214
136
87
134
149
9
65
80
52
230
245
154
46
129
208
137
33
143
92
186
79
59
183
135
37
173
22
244
123
104
2
34
210
132
6
179
61
215
169
121
75
68
147
137
40
143
6
136
201
2
73
77
231
41
253
209
45
245
66
163
53
112
127
60
192
88
112
194
115
143
158
73
79
166
4
229
77
84
69
232
201
232
178
110
161
238
28
34
99
70
195
196
24
158
2
30
230
142
189
82
178
200
174
13
228
163
132
159
226
179
69
68
251
13
82
204
143
249
23
220
226
223
226
254
131
120
170
157
145
177
140
80
244
248
120
193
81
84
62
38
80
49
244
9
224
186
221
7
112
214
116
212
37
80
84
184
215
168
134
255
79
210
36
251
216
249
155
216
74
200
114
229
248
134
45
149
240
52
106
102
27
253
253
53
167
64
150
193
21
103
14
107
172
243
103
179
196
182
214
224
178
0
78
158
186
195
214
82
144
249
250
173
170
20
130
173
216
17
199
10
211
229
97
78
166
43
249
228
160
169
107
213
7
13
132
14
39
1
213
9
232
93
159
155
241
249
53
78
56
91
91
31
1
238
120
238
240
65
41
255
130
65
223
202
88
55
74
132
8
191
184
7
244
221
43
78
233
91
225
52
104
28
132
226
180
159
238
10
49
60
141
234
23
184
87
139
255
135
240
194
113
34
187
100
109
128
213
234
119
84
4
64
89
128
16
41
96
17
204
35
77
20
23
241
196
107
155
30
129
143
244
190
205
208
242
221
145
102
180
114
93
168
152
122
199
243
29
148
152
146
156
38
84
198
83
79
80
64
158
72
69
122
184
249
43
170
62
195
171
4
187
196
14
56
27
34
47
83
119
43
101
110
44
143
212
145
0
161
83
230
175
81
124
195
142
57
104
226
105
116
103
44
142
109
206
230
240
111
95
130
201
172
36
76
253
106
3
226
65
45
121
94
58
213
97
124
199
107
217
98
44
236
206
44
68
182
197
127
83
99
107
74
161
221
192
49
109
30
34
91
151
113
116
121
234
127
64
97
29
77
219
46
13
199
185
190
10
110
191
44
61
229
50
234
97
220
43
43
115
212
238
238
193
115
190
173
247
93
134
139
64
225
245
43
174
108
34
147
114
126
9
103
88
154
143
82
135
109
222
117
200
27
20
249
39
129
8
91
69
241
15
95
235
45
140
140
119
146
162
121
205
2
199
117
239
31
215
21
61
128
27
86
184
226
218
126
3
115
61
49
242
36
24
112
172
109
127
196
74
165
146
23
140
227
184
83
233
244
215
181
51
36
4
243
14
121
4
172
119
108
237
232
99
29
114
126
128
227
244
88
58
145
149
86
241
50
96
0
151
78
243
23
106
86
108
237
156
114
103
107
120
154
5
240
205
153
174
221
77
252
51
100
236
83
123
182
22
184
157
28
193
186
52
20
240
212
66
150
30
250
231
177
3
137
185
204
127
39
14
126
80
42
59
13
234
238
39
76
85
63
243
254
144
71
55
111
22
120
202
254
163
247
147
34
130
46
183
21
22
237
214
227
23
223
63
61
237
83
74
10
74
147
229
14
212
198
3
73
227
167
240
240
156
59
28
204
91
123
176
21
159
43
239
200
170
158
1
255
7
12
0
152
185
198
1
118
153
124
141
149
34
98
119
145
200
90
45
150
54
82
113
99
154
0
104
72
80
158
51
86
37
145
123
37
139
77
119
117
83
43
42
205
128
82
62
246
127
200
71
141
70
3
190
5
201
131
68
154
5
149
49
32
48
22
59
84
58
61
6
187
76
188
135
133
68
116
40
94
48
205
74
100
185
104
192
120
188
150
37
224
155
86
229
98
115
152
104
113
110
248
240
208
34
190
24
133
82
87
74
255
238
162
55
120
199
36
79
227
216
162
148
13
1
49
193
195
219
15
193
184
137
26
54
96
206
164
116
19
245
115
149
139
85
148
147
115
126
245
137
131
18
196
2
37
39
43
54
153
117
48
24
33
10
92
79
218
124
46
58
143
90
164
146
180
112
37
170
255
139
89
67
58
202
204
220
106
101
247
101
235
230
31
189
178
152
158
188
175
182
5
204
106
251
154
252
250
6
48
108
50
79
10
255
121
176
218
70
157
144
94
243
136
131
81
250
251
207
193
114
15
43
169
119
80
73
81
152
57
32
63
101
244
182
166
92
221
222
51
104
89
135
187
133
62
40
26
205
179
89
244
53
161
253
233
73
48
9
251
143
95
17
104
185
59
209
204
45
197
214
173
244
93
179
46
184
62
6
26
173
138
233
35
19
155
250
224
63
241
8
8
151
170
207
219
143
172
53
15
248
219
116
192
41
151
160
120
253
186
211
135
156
230
28
249
222
58
101
121
13
73
158
136
249
219
150
42
26
128
224
40
218
149
92
186
41
200
161
177
2
175
32
232
17
60
68
122
154
73
136
26
99
91
182
12
157
206
221
34
156
53
59
242
165
194
107
93
120
57
18
99
94
205
238
68
205
38
163
16
100
212
146
65
103
34
37
27
157
74
225
214
54
135
221
4
221
129
39
254
91
30
37
39
109
162
164
181
144
16
144
21
21
181
226
188
140
153
248
83
2
252
91
141
153
107
140
248
193
82
217
130
36
221
235
79
2
251
238
52
73
198
20
104
121
112
184
141
7
166
200
216
139
192
253
199
185
219
170
50
115
2
25
60
237
159
71
151
210
76
29
173
64
18
190
169
62
253
129
34
71
252
181
95
198
210
125
146
166
29
175
38
233
133
105
24
253
214
254
222
79
208
108
4
187
102
116
225
205
183
245
141
91
233
193
154
126
36
87
60
208
43
84
243
206
132
123
67
91
223
80
112
246
62
29
132
253
226
54
238
216
76
255
246
124
20
207
133
10
241
203
67
56
142
198
246
159
130
68
221
18
111
78
55
97
9
199
223
8
164
195
216
225
105
240
234
28
1
66
28
6
108
55
62
19
109
172
207
88
171
86
172
77
140
145
181
23
152
186
6
157
172
200
182
178
191
32
191
168
200
30
133
74
24
245
176
51
40
156
32
18
190
151
72
202
70
184
32
199
94
202
118
57
175
138
30
214
7
6
165
130
14
191
134
173
233
200
250
9
56
71
88
233
23
223
57
89
179
229
203
89
53
198
149
26
38
25
249
51
9
37
183
40
90
87
185
243
211
117
210
29
51
221
185
40
243
170
169
163
90
228
118
192
157
3
105
18
33
90
185
132
129
162
20
121
50
166
153
24
227
125
30
1
249
84
202
151
154
24
194
102
147
151
228
200
137
5
216
176
38
135
131
77
64
222
228
203
104
235
126
179
9
34
110
145
17
135
164
156
138
253
28
246
24
253
1
91
214
48
101
79
105
165
10
232
10
185
62
40
132
154
126
187
175
247
179
53
171
182
132
85
89
206
54
177
218
176
199
89
131
143
132
131
238
48
157
74
102
214
122
212
174
53
141
186
60
245
227
249
4
6
20
20
227
169
47
105
85
97
211
148
65
171
28
189
136
31
65
46
191
249
56
61
18
24
178
90
221
2
252
27
184
0
19
167
27
106
107
201
243
3
157
98
3
154
48
181
22
177
84
21
245
12
199
109
227
70
194
208
26
225
201
40
115
245
6
110
122
248
130
55
99
231
228
88
166
54
76
172
54
64
150
171
228
124
88
224
65
234
38
144
79
189
218
132
59
178
202
252
58
218
229
192
155
246
70
114
156
63
22
127
90
133
160
119
107
159
170
85
183
82
183
215
249
107
204
106
139
69
118
119
233
105
138
240
200
221
124
168
25
31
44
251
184
6
210
4
187
112
201
144
216
238
124
180
76
227
56
20
7
183
116
37
215
147
245
201
162
8
202
115
113
52
163
205
91
19
51
91
16
224
23
27
141
98
140
30
25
58
228
33
197
122
154
29
230
158
188
152
238
172
56
238
223
230
187
109
91
96
42
138
125
168
218
156
33
83
0
204
74
160
186
168
217
59
185
23
238
204
93
138
58
10
127
189
56
72
192
232
117
166
207
39
18
8
234
89
141
255
213
245
72
85
228
104
231
163
73
203
135
133
125
138
250
216
182
187
69
117
199
69
172
221
44
236
242
159
114
101
39
111
222
79
103
83
73
77
31
233
70
248
25
31
133
127
106
27
216
145
10
150
237
235
166
156
19
221
243
32
226
10
218
50
72
61
139
242
219
36
109
88
44
147
196
246
28
98
120
47
222
204
23
160
164
38
245
212
135
59
210
165
132
102
226
157
213
162
106
154
22
114
125
22
22
40
205
51
51
87
231
95
124
254
68
112
19
92
111
175
10
134
12
44
168
229
62
133
211
132
62
197
174
45
244
114
171
3
109
169
16
100
92
62
124
109
224
109
112
216
21
51
4
221
154
248
175
231
142
237
217
2
33
206
160
77
32
101
235
193
177
42
3
71
41
179
134
237
191
96
191
141
90
143
3
171
29
154
111
65
84
160
225
232
43
72
68
32
135
254
123
138
172
117
238
224
141
0
15
24
235
140
12
219
189
242
81
81
234
77
195
55
118
32
166
165
185
60
8
148
28
109
216
183
113
105
83
164
167
228
253
65
171
58
195
105
249
222
143
121
164
94
172
230
154
241
112
85
78
139
62
12
178
87
143
104
11
36
90
141
1
124
117
35
47
243
41
1
67
193
124
15
255
125
15
74
118
153
184
45
108
177
12
42
12
2
233
245
239
246
59
168
228
118
105
231
167
136
15
56
23
228
248
200
195
3
73
158
13
26
37
15
134
169
52
253
50
170
194
37
109
190
106
175
131
44
88
125
152
129
255
82
242
147
122
52
211
151
198
30
16
56
228
94
38
222
1
16
243
106
238
114
40
67
205
96
67
177
97
247
218
171
234
188
172
229
109
105
182
245
74
168
234
60
161
114
14
14
251
16
98
206
203
66
74
73
83
76
156
211
128
129
119
130
159
51
119
59
233
186
23
53
119
40
79
21
99
16
185
148
135
28
63
24
66
9
63
132
90
68
58
162
159
20
74
213
200
144
148
156
232
30
23
73
45
182
80
91
122
36
146
192
91
31
247
155
53
14
255
6
18
57
196
228
108
250
21
81
79
115
149
57
145
97
200
86
168
105
44
192
40
85
53
33
199
41
92
89
196
172
70
235
198
15
235
231
232
224
61
8
128
63
96
216
52
81
103
227
47
200
166
38
164
191
231
149
17
5
123
176
208
197
168
59
103
167
179
120
154
29
211
30
219
25
35
177
230
156
149
141
210
211
209
184
12
213
164
132
29
238
139
164
165
170
38
131
168
71
10
121
243
2
17
85
74
83
155
241
172
6
80
184
24
0
113
91
142
51
182
87
127
114
147
63
131
113
126
63
99
229
143
221
6
7
165
21
205
74
33
252
160
142
145
82
171
167
201
46
240
133
91
176
212
104
67
10
16
78
123
88
22
132
135
198
220
31
68
188
211
190
204
236
20
165
201
223
163
175
77
156
23
227
254
229
65
75
45
78
104
235
111
27
90
75
183
225
148
170
143
22
8
246
113
118
38
53
54
184
0
17
247
20
78
159
69
148
26
199
206
138
113
163
120
128
44
128
112
70
125
229
185
236
164
160
193
43
221
10
6
60
126
38
47
151
148
179
234
135
83
234
74
18
27
225
111
218
208
199
72
2
58
250
158
190
64
59
38
173
44
95
213
207
14
80
25
107
79
58
132
144
67
31
50
240
67
249
192
48
133
114
36
191
156
155
25
14
81
115
35
189
0
252
116
90
116
233
64
176
191
221
185
148
124
85
126
48
125
240
159
29
116
170
186
132
149
182
91
81
65
104
6
193
24
230
132
118
156
102
211
74
113
238
207
199
186
167
123
105
122
73
172
233
240
51
169
40
9
121
77
207
65
52
92
22
203
214
130
12
49
137
230
242
229
121
106
215
245
137
177
167
154
79
90
215
148
124
34
215
11
159
84
142
207
207
249
54
249
91
75
196
215
108
28
5
237
217
211
254
92
194
203
36
188
119
21
39
161
100
207
152
131
112
75
123
180
44
101
230
140
20
4
119
238
154
7
46
229
238
184
93
202
57
194
16
43
148
250
48
151
120
128
9
209
243
59
142
89
251
187
37
6
69
152
215
157
64
200
206
209
117
179
90
72
86
10
156
208
78
202
160
204
122
101
116
172
241
161
52
46
56
225
24
218
223
234
183
87
236
11
214
206
123
169
28
93
177
204
63
32
182
130
132
9
199
241
157
245
112
243
245
202
18
42
171
234
215
196
96
7
97
210
0
88
42
111
242
175
45
72
154
223
148
146
27
221
147
13
226
49
87
200
9
68
58
104
187
149
190
26
37
211
60
57
168
104
18
183
157
157
133
99
176
66
148
118
143
74
217
5
235
23
70
111
149
121
165
84
25
24
128
90
202
128
214
235
130
237
156
3
109
34
136
173
169
97
204
13
102
177
18
45
62
50
105
189
160
14
125
207
124
99
86
225
103
123
33
169
104
149
125
203
57
241
135
89
181
54
54
215
233
165
136
116
17
128
172
148
121
54
225
9
171
226
3
9
60
23
93
208
30
118
37
25
28
90
81
223
255
64
75
11
173
158
210
41
209
250
154
40
162
221
27
236
183
64
178
218
128
14
125
211
65
61
50
250
184
150
28
42
141
245
177
178
70
195
245
23
198
27
7
73
121
46
245
175
147
106
30
243
225
1
254
160
11
144
137
70
50
124
246
112
5
212
66
116
163
31
167
225
137
157
236
169
59
189
83
156
61
62
121
93
106
121
75
147
121
91
138
77
28
204
38
252
176
18
199
193
222
255
64
123
185
175
151
249
229
163
59
196
19
51
83
21
235
141
85
171
144
54
3
118
177
85
38
51
89
99
193
227
14
226
181
39
37
40
101
176
165
250
179
25
232
206
98
245
54
182
182
31
185
45
27
152
153
229
158
189
42
139
59
72
97
211
92
160
51
63
52
96
171
139
9
51
178
241
215
201
112
142
56
3
221
254
207
87
48
155
243
35
163
29
76
161
188
12
205
172
91
175
135
91
97
9
62
138
60
84
61
136
100
12
37
210
111
40
72
96
2
33
85
209
128
40
238
121
142
197
95
69
221
250
20
229
123
13
161
196
2
97
61
183
53
49
174
54
251
230
64
217
132
43
51
254
4
65
10
139
189
30
209
59
6
189
188
166
134
94
209
77
15
201
226
105
57
29
184
192
180
136
120
190
181
171
138
146
245
27
109
61
69
57
16
250
74
252
207
101
123
21
232
43
227
81
158
194
126
50
28
206
155
202
143
15
43
95
62
125
59
202
14
174
0
30
202
192
13
207
153
165
255
157
139
212
99
84
72
183
237
241
176
244
19
71
182
121
115
101
60
192
70
93
195
127
186
111
0
243
65
83
158
176
208
60
29
187
50
130
94
94
96
97
57
160
7
27
111
238
86
101
222
252
118
110
164
143
13
97
215
167
224
14
171
38
82
190
242
134
255
41
18
58
73
136
153
9
160
179
205
166
253
111
165
220
0
228
206
228
41
214
154
206
193
178
215
100
65
86
231
75
109
44
72
176
102
197
124
122
251
147
8
205
133
74
227
81
51
118
231
156
14
242
180
138
103
128
115
228
152
227
43
165
101
51
129
187
85
134
204
28
33
119
122
202
39
50
190
154
32
213
118
187
246
136
104
68
215
214
4
210
65
89
191
96
220
158
191
85
150
73
83
11
96
22
154
102
104
209
154
217
130
201
195
170
5
215
151
185
65
249
62
68
17
67
191
106
205
134
195
72
55
70
56
92
80
96
153
81
181
15
27
188
2
76
248
35
113
253
187
169
175
189
47
252
157
96
126
77
253
195
46
152
145
249
101
188
185
72
252
148
106
176
169
170
84
127
96
233
50
152
172
106
182
233
171
129
238
251
191
80
55
134
20
233
59
32
120
49
149
109
165
238
47
32
52
200
70
146
40
26
211
10
26
36
152
95
176
126
43
171
201
211
76
171
204
77
106
25
141
218
126
122
251
193
193
71
215
206
255
28
115
135
201
254
19
35
40
5
238
21
59
143
69
124
107
100
16
128
104
59
199
141
175
140
17
121
214
27
38
100
244
4
232
159
111
206
142
152
132
173
62
67
84
127
90
74
73
170
123
36
46
65
35
6
137
235
85
116
163
30
60
61
255
3
45
26
149
172
6
50
187
144
9
43
70
66
66
92
61
47
169
247
69
93
124
210
22
170
61
208
12
73
101
183
139
112
155
98
7
12
135
247
141
197
126
208
192
244
176
187
168
96
137
128
71
72
36
23
116
196
205
206
210
117
179
74
23
85
163
118
34
158
253
17
129
159
101
128
38
27
214
80
134
230
202
103
54
111
186
146
82
227
34
58
161
2
128
12
124
193
122
196
47
82
156
5
203
38
180
152
31
25
74
238
226
194
165
1
182
20
96
133
193
103
240
45
180
250
252
83
89
139
147
228
43
28
197
102
226
210
47
40
52
194
221
158
151
213
193
154
107
52
234
149
130
147
81
199
43
134
205
234
255
67
111
139
146
66
200
215
22
141
48
213
36
150
153
171
54
115
241
17
160
206
46
107
68
217
34
17
165
182
243
53
164
207
26
202
11
190
35
139
46
31
86
42
117
173
199
119
160
235
65
55
44
213
244
197
179
51
171
251
239
143
31
201
157
135
247
120
229
185
156
45
88
134
77
72
251
66
56
131
125
109
71
166
131
139
54
223
66
116
207
215
214
16
54
245
173
37
164
131
78
27
42
243
28
34
230
71
121
53
29
240
19
54
98
51
112
2
193
43
234
96
3
232
240
116
227
123
208
184
105
184
111
115
143
228
208
80
97
2
130
244
1
78
104
214
23
145
210
55
61
103
253
155
132
24
104
36
65
63
144
186
145
65
73
243
254
234
81
0
201
56
86
39
197
21
200
51
116
30
194
74
138
77
127
107
197
179
136
188
144
49
158
188
63
164
217
14
197
195
43
36
223
74
60
228
236
89
85
109
162
184
108
105
243
87
96
159
60
50
46
220
214
234
180
97
88
217
197
157
76
212
253
37
237
179
17
36
108
56
212
120
70
178
126
167
31
250
196
243
58
100
109
203
223
109
124
185
120
40
202
247
198
92
50
112
153
167
144
161
92
17
108
216
86
5
77
104
101
192
146
228
186
176
216
65
155
199
47
173
148
190
142
43
26
198
92
176
86
192
93
49
48
157
5
229
118
66
153
106
212
142
163
141
63
142
114
71
53
104
186
249
207
245
41
38
116
162
80
75
36
173
198
152
202
82
57
178
17
204
13
90
111
49
150
235
16
85
231
29
197
39
64
83
63
4
153
132
134
179
62
189
124
113
181
79
63
8
59
226
200
206
218
155
62
54
244
218
193
194
140
255
177
45
161
130
43
116
3
23
142
102
11
125
213
109
194
177
135
158
106
27
194
14
7
9
35
88
248
1
63
227
188
189
69
25
100
183
217
96
107
135
231
22
84
147
65
74
40
28
8
83
152
70
249
4
207
64
14
243
10
13
127
70
63
151
153
163
160
213
177
111
120
44
207
75
94
5
37
185
50
69
33
244
91
65
82
67
198
40
152
7
245
100
237
179
200
75
223
162
206
30
146
28
119
163
35
118
181
131
188
48
202
181
92
226
77
19
238
193
66
161
118
196
191
22
222
128
0
176
251
70
109
153
176
131
107
198
203
185
112
161
130
206
209
203
198
252
113
36
212
252
36
66
21
154
241
101
56
46
131
235
97
96
42
180
88
170
227
254
17
44
237
168
6
2
175
85
20
19
149
249
10
124
116
147
116
73
6
204
70
93
136
249
140
232
136
154
167
18
188
97
120
83
183
61
37
20
210
56
224
106
199
142
36
246
95
50
165
101
110
56
159
215
0
253
20
36
203
225
174
67
3
171
10
247
132
81
219
242
186
27
168
224
201
73
233
56
140
232
101
6
17
80
169
177
224
243
18
16
93
68
207
51
73
65
71
227
74
110
87
220
120
124
229
137
223
251
161
218
124
208
161
243
51
66
168
62
229
30
96
229
36
112
182
193
170
115
110
88
175
170
217
196
218
252
159
146
46
223
48
118
170
219
204
114
29
199
129
49
113
78
185
186
41
69
245
31
103
195
47
44
67
137
23
128
163
84
52
228
36
58
147
236
38
148
77
109
135
222
144
255
89
243
146
129
15
117
228
88
7
82
219
2
177
44
90
106
117
70
9
162
213
111
53
193
32
44
56
179
84
178
203
115
136
171
114
142
141
74
104
102
191
211
235
221
157
20
134
179
217
152
172
38
130
28
86
55
243
1
193
227
114
236
177
150
40
34
151
102
66
74
23
35
13
233
75
4
72
67
80
9
96
63
109
45
68
152
160
103
96
109
233
93
89
103
47
104
91
60
13
136
169
244
28
147
32
12
247
190
86
100
197
90
189
37
135
247
157
230
229
78
237
18
140
0
89
27
193
47
220
218
139
112
75
49
109
172
145
165
187
31
136
53
236
232
169
177
33
181
189
147
172
168
110
191
26
172
240
239
155
74
175
238
238
207
210
66
166
184
155
42
133
183
200
79
138
203
46
197
220
103
157
7
100
193
19
231
117
118
219
163
0
94
2
161
83
103
58
25
191
168
119
227
217
9
50
95
47
131
79
44
206
135
17
78
134
161
150
126
163
55
52
245
46
1
98
197
189
27
3
24
185
137
39
202
89
36
85
207
208
191
203
82
160
16
52
124
241
210
219
248
74
42
54
81
86
190
165
27
162
160
201
155
35
178
152
194
161
165
162
180
179
30
177
69
211
36
97
10
11
93
213
35
213
250
161
43
19
52
117
200
82
224
52
8
31
52
233
81
196
153
80
8
6
45
160
229
101
191
37
213
98
171
220
41
34
227
73
5
29
159
112
246
50
195
25
141
90
113
135
21
164
238
165
32
61
250
50
103
49
119
33
91
216
93
248
243
172
242
66
45
177
153
110
49
48
219
231
222
24
64
168
223
181
42
116
99
11
171
165
238
122
82
168
8
139
226
36
136
248
31
132
3
178
14
78
61
211
218
236
175
188
191
102
241
2
248
243
28
63
68
213
99
194
91
127
47
77
99
248
226
196
39
70
179
162
70
212
52
223
9
167
116
178
103
10
120
108
246
179
190
59
63
212
83
72
243
242
250
150
251
219
218
245
22
81
253
199
100
184
167
58
110
105
50
92
19
138
48
220
147
102
221
75
22
76
165
114
240
220
250
71
100
127
138
69
41
174
173
110
175
2
86
196
86
69
5
116
154
244
83
227
44
88
219
75
246
136
59
220
79
186
124
186
123
217
145
51
200
108
23
178
140
129
72
231
204
103
241
242
136
21
240
178
235
66
109
76
70
148
218
71
48
71
197
236
46
184
75
172
102
56
5
158
32
239
228
58
250
166
3
94
187
29
7
204
24
127
45
175
123
21
22
167
27
231
70
206
8
73
120
193
20
39
152
54
229
208
68
0
167
228
219
236
202
253
141
66
4
163
219
38
2
51
80
124
6
15
12
176
223
149
154
71
10
84
25
95
29
128
217
184
219
119
120
183
118
28
27
179
80
240
228
230
33
28
249
2
40
39
91
7
180
31
232
83
18
24
53
25
253
120
198
58
42
53
73
202
19
190
249
92
2
212
132
132
13
139
74
106
44
129
93
237
225
165
216
44
135
118
192
150
208
217
236
29
153
118
118
38
69
125
6
20
146
58
201
144
141
114
95
185
225
137
224
3
143
89
55
64
126
165
208
217
156
246
88
144
184
1
245
156
165
38
78
120
137
21
142
222
24
106
131
84
3
79
92
136
78
208
148
186
64
157
247
34
97
225
113
60
182
208
223
62
54
147
204
63
78
117
221
92
52
224
144
45
63
254
227
58
138
82
171
102
5
254
196
138
242
100
237
88
201
120
159
73
246
155
58
76
200
123
99
101
95
58
99
161
218
104
128
79
140
215
138
103
205
239
96
3
25
148
138
224
253
168
186
210
223
125
202
184
177
122
41
62
194
196
10
63
57
37
104
41
52
112
81
159
33
164
138
65
204
84
201
161
212
218
136
146
218
227
196
224
57
40
39
139
135
249
80
236
244
217
189
132
254
191
12
66
225
252
42
150
149
127
181
151
170
171
200
16
11
74
5
156
216
125
32
238
151
92
208
27
18
154
217
164
168
37
34
57
60
175
2
91
29
170
62
150
205
215
31
41
154
97
136
196
12
198
66
179
65
224
18
114
194
205
6
72
98
80
135
117
225
37
33
149
35
173
61
22
64
203
231
230
176
112
133
197
18
247
147
142
35
56
153
226
177
191
151
208
125
218
7
41
252
15
81
219
13
153
217
9
153
138
7
138
73
161
113
175
166
20
80
148
181
191
194
138
34
234
29
200
117
84
244
228
177
19
31
98
194
164
66
0
53
212
41
38
160
10
135
89
53
74
117
166
104
190
126
71
246
103
11
81
75
52
36
247
23
106
115
170
52
62
122
250
161
11
56
99
209
102
149
29
91
147
82
73
62
48
183
185
50
174
45
235
243
8
17
240
57
108
210
77
37
176
142
0
30
65
241
27
183
103
112
184
92
152
158
230
86
15
145
155
58
135
174
249
249
94
30
154
108
19
52
82
229
90
17
130
19
87
148
73
174
170
255
167
192
105
115
109
106
121
65
56
206
203
202
57
239
110
148
132
161
49
108
67
213
32
166
200
89
215
179
1
63
176
168
16
150
15
71
209
6
117
34
181
92
109
125
168
207
116
51
243
118
89
22
135
189
225
132
196
33
107
11
240
83
241
51
151
112
37
154
58
186
96
234
128
118
111
235
61
148
39
122
54
254
212
136
41
0
239
178
150
247
245
159
112
235
138
130
157
209
95
47
40
47
144
245
80
56
4
53
171
44
16
147
227
66
255
214
30
199
168
206
103
47
47
54
76
22
35
10
155
180
18
126
114
59
23
13
72
218
26
46
216
199
120
41
76
166
211
7
204
123
89
80
231
152
233
254
187
20
239
0
243
1
229
146
32
56
194
36
171
255
68
237
75
25
17
128
24
204
50
201
88
166
73
74
224
188
212
84
233
246
237
110
146
84
182
164
128
165
139
240
69
20
1
16
187
157
146
161
218
153
175
245
151
125
36
117
66
52
174
67
193
103
226
113
103
163
84
57
229
32
120
237
79
24
195
19
8
12
121
79
4
3
41
130
135
117
114
29
233
151
106
50
83
223
19
59
78
239
224
52
55
158
51
44
29
63
253
131
229
217
218
57
105
146
242
253
85
146
85
111
96
161
249
151
251
75
106
6
39
233
113
47
199
20
125
6
104
30
199
246
115
74
113
200
175
75
66
88
18
90
65
96
254
144
177
158
27
173
49
208
61
80
182
102
46
71
181
30
3
165
120
141
39
2
37
52
49
93
76
235
13
26
12
177
241
7
246
206
138
32
255
255
88
97
197
203
189
94
49
140
170
45
195
54
149
134
253
149
64
36
32
45
46
131
138
195
169
133
181
217
129
146
233
64
33
13
14
232
171
191
57
254
200
200
176
235
168
170
236
54
145
28
32
213
93
126
95
216
17
152
203
227
21
153
142
151
247
213
24
2
28
121
197
78
244
13
160
35
243
228
137
20
205
20
223
79
86
23
177
49
243
96
171
43
44
224
20
114
194
6
152
209
27
67
202
108
227
58
110
232
11
22
161
128
155
152
158
76
214
196
106
142
21
195
147
43
254
45
1
130
148
206
30
242
143
205
166
47
130
174
56
250
106
207
111
50
103
202
151
154
146
167
2
80
124
184
6
98
20
158
17
19
223
159
240
101
108
153
65
84
147
162
60
74
149
172
190
130
37
65
193
197
149
59
55
255
97
118
91
160
34
139
43
106
252
9
58
184
69
70
197
52
225
92
82
216
179
59
154
19
73
98
9
49
147
88
247
10
112
180
187
123
103
109
36
249
43
110
49
217
221
66
72
46
33
251
132
15
18
180
130
215
116
166
2
121
238
56
248
97
218
233
79
87
80
102
15
141
41
143
203
191
214
248
217
196
156
34
64
72
213
71
134
181
118
1
207
108
78
149
95
228
223
28
171
182
128
13
129
91
231
176
123
232
67
230
18
29
244
41
112
126
29
237
54
160
5
194
123
42
187
1
246
234
53
91
37
84
203
55
2
247
206
237
249
89
128
126
136
101
75
4
137
215
187
204
151
123
18
96
83
224
190
165
154
163
36
106
147
95
160
40
136
150
244
121
109
104
77
234
174
249
17
152
38
249
20
23
110
244
16
190
40
75
133
176
196
57
167
54
211
248
77
27
189
119
40
69
86
17
107
120
147
94
28
198
128
165
14
179
166
247
148
79
223
211
241
225
174
232
47
222
106
154
32
201
53
115
129
249
108
195
87
142
121
73
126
23
143
250
46
251
184
45
208
134
252
169
156
180
152
47
17
185
199
173
111
104
66
201
52
59
53
3
141
113
65
35
173
208
232
152
157
93
218
103
231
31
138
120
43
89
224
186
75
98
141
229
144
152
119
223
113
198
211
229
124
192
193
77
177
107
49
28
96
98
102
69
0
244
56
199
21
88
101
153
1
13
8
116
183
21
33
198
202
188
200
43
192
210
70
206
104
134
75
12
240
91
25
225
97
89
19
217
25
223
203
140
192
152
48
221
32
41
135
205
17
197
110
37
147
195
91
148
30
124
136
246
87
71
151
182
128
89
89
23
4
86
88
17
174
175
81
102
240
171
198
134
169
26
95
185
126
107
42
126
14
93
59
47
111
1
57
61
163
137
38
65
68
117
179
38
6
116
138
117
222
51
235
184
13
129
156
236
99
85
228
223
93
49
200
205
85
226
190
40
44
173
106
36
125
100
218
146
195
60
18
128
65
41
231
99
103
182
44
176
1
110
9
244
162
31
150
119
224
180
168
226
112
31
33
216
91
185
200
94
184
69
235
71
112
165
29
136
208
175
139
226
25
191
152
46
116
231
251
255
76
140
136
57
66
54
50
222
157
121
184
79
172
176
6
237
29
105
194
252
50
88
145
17
163
165
238
221
81
133
134
2
148
141
93
201
160
21
172
10
107
22
248
199
145
158
228
125
86
155
200
3
12
30
183
237
124
221
89
166
90
77
24
97
0
102
11
224
42
132
120
170
187
254
179
153
75
101
33
187
230
71
40
128
110
153
3
210
222
130
107
37
89
222
20
150
147
109
52
236
109
81
171
162
243
175
232
239
80
28
166
226
105
2
254
197
198
6
244
35
139
158
129
35
106
230
17
95
70
158
164
25
243
43
162
230
71
190
160
17
123
169
13
67
125
82
218
41
147
129
172
235
238
192
121
94
235
220
47
199
159
28
173
221
166
192
244
43
135
113
108
91
206
220
117
39
11
43
234
248
133
222
155
25
236
175
152
38
118
132
236
21
60
182
13
223
207
127
61
50
134
252
136
182
113
216
247
115
80
134
229
95
217
182
32
15
235
29
76
24
210
91
196
47
36
93
229
147
50
15
139
18
41
146
139
131
43
240
236
93
7
240
83
196
22
162
184
125
141
65
233
200
71
88
77
225
62
25
212
9
121
207
141
61
49
252
92
54
38
96
221
59
222
89
6
68
153
197
23
207
3
168
26
60
140
72
195
124
197
160
250
190
60
95
225
156
188
121
209
71
188
158
254
12
87
173
246
245
50
180
236
195
223
40
89
62
182
227
13
133
40
53
253
196
116
194
224
255
5
52
105
243
254
249
132
242
69
43
241
91
193
134
184
94
102
0
237
77
28
46
25
143
130
79
16
76
54
130
208
254
15
232
40
19
105
187
250
103
193
58
251
77
83
40
213
56
67
187
213
114
61
187
234
156
135
66
110
67
24
146
24
104
101
137
9
22
75
250
127
242
148
218
29
8
232
142
253
94
133
14
180
153
44
75
123
84
59
71
156
18
186
162
58
112
93
105
50
171
68
35
204
226
91
115
60
194
194
12
153
115
36
166
19
143
255
42
95
79
195
33
186
94
46
214
72
102
182
213
62
97
224
115
178
109
105
182
53
126
226
45
250
203
141
95
33
157
124
191
104
120
105
49
21
211
228
99
14
202
140
59
29
116
21
243
129
242
131
225
179
214
57
20
9
175
15
101
16
145
165
27
118
99
79
128
255
47
149
125
232
237
3
200
19
50
65
161
214
247
172
111
171
254
57
163
215
42
154
52
47
240
212
110
233
144
14
5
130
226
248
207
79
156
191
254
118
94
58
174
156
78
176
110
79
171
90
180
155
16
103
238
229
20
160
213
133
155
53
167
80
212
103
245
128
94
130
95
255
96
199
133
64
146
180
60
151
233
145
88
54
174
84
39
113
234
168
164
73
193
150
123
18
148
145
252
69
126
157
101
226
137
89
9
128
172
8
239
129
241
17
25
179
101
143
111
42
180
47
66
201
54
72
218
45
22
30
36
76
209
127
23
94
105
99
173
75
106
184
58
161
132
93
245
124
201
82
36
116
78
182
94
32
120
136
55
166
15
22
89
78
34
222
242
123
203
236
88
10
20
232
15
159
118
95
236
25
45
208
135
59
2
114
252
214
221
61
78
8
177
78
27
1
58
178
179
191
90
68
159
101
158
191
25
42
126
59
56
67
134
181
27
200
114
7
46
146
105
16
133
244
119
28
16
219
225
186
1
255
146
56
155
62
239
172
219
100
172
36
176
43
202
141
17
224
5
79
186
51
107
159
16
158
21
7
252
254
145
201
135
34
71
230
30
54
243
86
81
56
151
198
31
50
113
122
22
134
178
20
33
225
105
77
93
101
82
22
93
192
81
73
0
148
94
130
111
133
80
69
201
72
25
31
124
215
134
168
0
158
178
104
132
215
32
107
142
173
127
147
152
241
201
130
7
103
47
10
144
93
104
161
217
193
92
6
164
233
41
56
187
67
188
71
43
66
239
72
8
102
228
245
194
39
103
209
6
193
129
20
67
97
118
236
79
168
19
77
96
24
72
180
172
242
73
94
44
192
91
41
80
155
73
61
134
38
101
136
208
178
103
79
169
15
95
123
109
27
226
161
121
81
128
140
158
12
153
188
119
62
93
109
106
233
136
210
46
29
140
128
77
178
42
212
205
39
36
122
103
149
191
29
199
247
218
180
56
123
248
16
197
152
209
51
34
131
115
195
82
33
192
40
29
75
24
95
51
27
54
118
121
198
34
193
125
95
69
40
33
71
142
209
69
144
187
218
5
228
246
137
46
178
139
102
103
38
204